1 0.64537 0.248611 0.0462963 0.0333333
1 0.230556 0.223611 0.0462963 0.0305556
1 0.347222 0.585417 0.0462963 0.0375
1 0.478704 0.252083 0.0462963 0.0291667
1 0.487037 0.343056 0.0481481 0.0277778
1 0.169444 0.573611 0.0574074 0.0333333
1 0.72963 0.381944 0.0444444 0.0305556
1 0.199074 0.395139 0.0462963 0.0263889
1 0.480556 0.213194 0.05 0.0291667
1 0.639815 0.206944 0.05 0.0333333
1 0.540741 0.581944 0.0518519 0.0277778
1 0.638889 0.322222 0.0444444 0.0305556
1 0.643519 0.288889 0.0462963 0.0305556
1 0.17037 0.433333 0.0518519 0.0305556
1 0.183333 0.609028 0.0444444 0.0263889
1 0.613889 0.445833 0.0425926 0.0333333
1 0.4 0.370139 0.0518519 0.0291667
1 0.791667 0.397917 0.0462963 0.0263889
1 0.380556 0.305556 0.0425926 0.0277778
1 0.566667 0.474306 0.0444444 0.0347222
1 0.565741 0.549306 0.0462963 0.0291667
1 0.607407 0.4875 0.0481481 0.0277778
1 0.42963 0.30625 0.0481481 0.0291667
1 0.417593 0.3375 0.0425926 0.0277778
1 0.805556 0.490972 0.0444444 0.0291667
1 0.238889 0.385417 0.0481481 0.0291667
1 0.687963 0.297917 0.0388889 0.0291667
1 0.246296 0.477083 0.0481481 0.0291667
1 0.517593 0.313194 0.0425926 0.0263889
1 0.4 0.584028 0.0518519 0.0291667
1 0.75463 0.480556 0.05 0.0305556
1 0.215741 0.425694 0.0462963 0.0319444
1 0.768519 0.513889 0.0444444 0.0277778
1 0.312963 0.51875 0.0481481 0.0236111
1 0.484259 0.375 0.0462963 0.0277778
1 0.810185 0.425694 0.05 0.0291667
1 0.6 0.340278 0.0592593 0.0305556
1 0.459259 0.499306 0.0481481 0.0291667
1 0.265741 0.307639 0.0425926 0.0263889
1 0.647222 0.471528 0.0388889 0.0291667
1 0.686111 0.486806 0.0425926 0.0347222
1 0.475 0.309028 0.0462963 0.0263889
1 0.328704 0.386806 0.0425926 0.0291667
1 0.302778 0.584028 0.0425926 0.0319444
1 0.227778 0.600694 0.0407407 0.0291667
1 0.737963 0.547222 0.0462963 0.0305556
1 0.603704 0.240278 0.0444444 0.0277778
1 0.433333 0.5375 0.0481481 0.0305556
1 0.424074 0.445139 0.0407407 0.0319444
1 0.364815 0.347222 0.037037 0.0305556
1 0.641667 0.402778 0.0462963 0.0277778
1 0.811111 0.529861 0.0518519 0.0291667
1 0.285185 0.336111 0.0407407 0.025
1 0.849074 0.509722 0.05 0.0305556
1 0.648148 0.506944 0.0333333 0.0305556
1 0.611111 0.377778 0.0407407 0.0305556
1 0.566667 0.516667 0.0444444 0.0305556
1 0.209259 0.459028 0.0518519 0.0319444
1 0.388889 0.547917 0.0444444 0.0263889
1 0.682407 0.328472 0.0425926 0.0263889
1 0.652778 0.364583 0.0425926 0.0291667
1 0.574074 0.435417 0.0407407 0.0263889
1 0.526852 0.388889 0.0425926 0.0305556
1 0.722222 0.509722 0.0444444 0.0305556
1 0.298148 0.547917 0.0444444 0.0291667
1 0.237963 0.506944 0.0537037 0.0305556
1 0.158333 0.534028 0.0462963 0.0319444
1 0.531482 0.452083 0.0407407 0.0291667
1 0.768519 0.445139 0.037037 0.0319444
1 0.52037 0.485417 0.0444444 0.0347222
1 0.600926 0.304167 0.0388889 0.0277778
1 0.693519 0.361111 0.0425926 0.0305556
1 0.747222 0.413194 0.0425926 0.0319444
1 0.259259 0.572917 0.0444444 0.0263889
1 0.568519 0.373611 0.0407407 0.0305556
1 0.253704 0.540972 0.0444444 0.0291667
1 0.343519 0.547222 0.0462963 0.0277778
1 0.324074 0.354861 0.0407407 0.0263889
1 0.283333 0.492361 0.0407407 0.0291667
1 0.278704 0.369444 0.0425926 0.0305556
1 0.560185 0.305556 0.0425926 0.0277778
1 0.387037 0.424306 0.0444444 0.0291667
1 0.17963 0.219444 0.0444444 0.0333333
1 0.215741 0.568056 0.0462963 0.0277778
1 0.610185 0.524306 0.0462963 0.0291667
1 0.258333 0.413889 0.0425926 0.0277778
1 0.371296 0.394444 0.0425926 0.0277778
1 0.528704 0.357639 0.0351852 0.0291667
1 0.675926 0.535417 0.0444444 0.0319444
1 0.52037 0.420833 0.0407407 0.0305556
1 0.657407 0.434028 0.0444444 0.0291667
1 0.686111 0.39375 0.0388889 0.0263889
1 0.299074 0.422917 0.0425926 0.0319444
1 0.156481 0.496528 0.0462963 0.0263889
1 0.702778 0.423611 0.0425926 0.0305556
1 0.511111 0.554167 0.0444444 0.0277778
1 0.434259 0.408333 0.0462963 0.0333333
1 0.200926 0.495833 0.0462963 0.0305556
1 0.208333 0.532639 0.0462963 0.0291667
1 0.347222 0.423611 0.0462963 0.0305556
1 0.724074 0.452778 0.0444444 0.0333333
1 0.424074 0.479167 0.0407407 0.0277778
1 0.478704 0.410417 0.0351852 0.0291667
1 0.269444 0.447917 0.0425926 0.0319444
1 0.358333 0.514583 0.0425926 0.0291667
1 0.316667 0.454861 0.0407407 0.0291667
1 0.362037 0.452778 0.0388889 0.025
1 0.375926 0.483333 0.0444444 0.025
1 0.406481 0.509028 0.0425926 0.0263889
1 0.330556 0.486111 0.0462963 0.0305556
